0 0.616083 0.573000 0.031500 0.046000
1 0.804917 0.562500 0.032833 0.046500
1 0.856250 0.452625 0.018833 0.025250
0 0.771750 0.439250 0.017500 0.028500
0 0.926667 0.472875 0.024000 0.029750
1 0.953000 0.499250 0.018333 0.041500
6 0.698750 0.549000 0.019167 0.016000
6 0.845667 0.523000 0.016667 0.028500
6 0.829083 0.483750 0.013167 0.019500
5 0.810417 0.472875 0.013167 0.012750
5 0.438833 0.460125 0.015000 0.020250
5 0.376917 0.487500 0.013500 0.015500
23 0.489583 0.488625 0.007833 0.017750
6 0.437250 0.536875 0.018167 0.021250
6 0.647750 0.553125 0.020500 0.023750
7 0.707417 0.420875 0.009500 0.020250
7 0.500500 0.425875 0.004667 0.007250
19 0.477000 0.415375 0.010333 0.014250
2 0.732083 0.415500 0.015833 0.038000
2 0.880500 0.415375 0.019000 0.045250
10 0.882917 0.328500 0.023833 0.021500
10 0.734667 0.334250 0.022667 0.012500
1 0.324833 0.528875 0.026667 0.037250
1 0.309750 0.468750 0.018500 0.028000
0 0.362417 0.450375 0.016500 0.024750
0 0.334333 0.496750 0.022000 0.032000
12 0.322917 0.421750 0.010167 0.011000
12 0.382083 0.408125 0.009500 0.009750
4 0.664250 0.458875 0.026167 0.044250
15 0.788000 0.284500 0.008667 0.016500
20 0.811417 0.281000 0.023833 0.009500
15 0.701917 0.290375 0.007833 0.007250
18 0.303167 0.626625 0.022333 0.039250
26 0.545333 0.545625 0.025333 0.034750
6 0.605000 0.505375 0.011333 0.014750
6 0.527250 0.494125 0.013500 0.011250
11 0.617583 0.438500 0.004833 0.007000
11 0.644917 0.436500 0.004167 0.007000
11 0.617250 0.508250 0.004500 0.006500
11 0.644583 0.507875 0.004500 0.006750
6 0.373917 0.500625 0.013167 0.010250
7 0.501000 0.489500 0.004333 0.004500
6 0.685000 0.488500 0.010667 0.008500
